crack 0.3381460970464136 0.3757618377871542 0.33682753164556967 0.4120956399437412 0.3348496835443039 0.4214721050164088 0.3308939873417722 0.45194561650257853 0.3302347046413503 0.4753867791842476 0.3394646624472574 0.46249413970932957 0.3394646624472574 0.4413970932958275 0.344079641350211 0.4144397562119081 0.3434203586497891 0.3921706516643225
crack 0.399459388185654 0.038209095171120505 0.4014372362869199 0.08509142053445853 0.3955036919831224 0.1284575714955462 0.38759229957805913 0.18237224566338495 0.38759229957805913 0.24331926863572434 0.3856144514767933 0.286685419596812 0.38363660337552746 0.33825597749648384 0.38363660337552746 0.3769338959212377 0.3823180379746836 0.42498827941865913 0.3823180379746836 0.4695264885138303 0.39154799578059074 0.5117205813408345 0.39616297468354433 0.47304266291608066 0.40011867088607606 0.4449132676980778 0.399459388185654 0.4050632911392405 0.39748154008438824 0.3675574308485701 0.3935258438818566 0.3370839193624004 0.39616297468354433 0.3007501172058134 0.39682225738396626 0.2773089545241444 0.399459388185654 0.24097515236755743 0.3988001054852321 0.21401781528363809 0.39682225738396626 0.18237224566338495 0.3988001054852321 0.15775902484763246 0.4093486286919832 0.1190811064228786 0.41264504219409287 0.09095171120487579 0.41264504219409287 0.059306141584622614 0.41264504219409287 0.04055321143928741
crack 0.44560917721518994 0.028832630098452907 0.4403349156118144 0.06633849038912332 0.4396756329113925 0.1050164088138772 0.43637921940928276 0.1495546179090483 0.4324235232067511 0.18237224566338495 0.4258306962025317 0.2069854664791374 0.42187500000000006 0.263244256915143 0.42187500000000006 0.29488982653539614 0.42187500000000006 0.33239568682606657 0.41791930379746844 0.393342709798406 0.41791930379746844 0.4542897327707454 0.4258306962025317 0.4906235349273324 0.433742088607595 0.5445382090951711 0.44165348101265833 0.5937646507266762 0.4475870253164558 0.6523675574308486 0.45483913502109713 0.7004219409282701 0.45945411392405067 0.7766057196436944 0.46406909282700426 0.8270042194092827 0.46736550632911394 0.8891233005157055 0.4746176160337553 0.9289732770745429 0.4779140295358651 0.9793717768401313 0.5174709915611815 0.9781997187060479 0.5154931434599156 0.947726207219878 0.5148338607594937 0.9090482887951243 0.5108781645569621 0.8774027191748711 0.5062631856540085 0.8375527426160337 0.49703322784810133 0.8141115799343648 0.47989187763713087 0.7789498359118613 0.4746176160337553 0.749648382559775 0.47198048523206754 0.7203469292076887 0.4700026371308017 0.6699484294421003 0.466706223628692 0.642991092358181 0.4627505274261604 0.6113455227379277 0.45483913502109713 0.5503984997655884 0.44890559071729963 0.5164088138771683 0.4436313291139241 0.4917955930614159 0.4370385021097047 0.440225035161744 0.43637921940928276 0.40037505860290673 0.433082805907173 0.3616971401781528 0.4344013713080169 0.33239568682606657 0.44165348101265833 0.29488982653539614 0.44099419831223635 0.25972808251289264 0.44626845991561187 0.21518987341772156 0.45549841772151906 0.1835443037974684 0.4495648734177216 0.1589310829817159 0.45417985232067515 0.11439287388654479 0.456157700421941 0.08743553680262543 0.4627505274261604 0.055789967182372266 0.4627505274261604 0.03234880450070326 0.4627505274261604 0.02531645569620256
crack 0.6605353375527426 0.02648851383028601 0.6664688818565401 0.044069385841537766 0.6730617088607596 0.06751054852320677 0.6803138185654009 0.08626347866854199 0.6888844936708861 0.08977965307079233 0.689543776371308 0.06516643225503987 0.6888844936708861 0.038209095171120505 0.6888844936708861 0.027660571964369458
crack 0.32627900843881863 0.2749648382559775 0.33682753164556967 0.2913736521331458 0.33682753164556967 0.310126582278481 0.33287183544303806 0.31247069854664794 0.32957542194092837 0.30192217533989685 0.3256197257383967 0.2902015939990623
crack 0.30913765822784817 0.2444913267698078 0.31704905063291144 0.25269573370839193 0.32364187763713087 0.5164088138771683 0.32100474683544306 0.5937646507266762 0.3190268987341773 0.6289263947491796 0.30847837552742624 0.6570557899671824
crack 0.5385680379746837 0.10032817627754338 0.5517536919831224 0.10853258321612753 0.5596650843881857 0.1190811064228786 0.568235759493671 0.13666197843413036 0.5590058016877638 0.13548992030004692 0.5464794303797469 0.13548992030004692 0.5405458860759494 0.1261134552273793
crack 0.5359309071729957 0.1308016877637131 0.5636207805907174 0.14369432723863107 0.5649393459915613 0.17299578059071735 0.5702136075949368 0.1952648851383029 0.5735100210970465 0.2280825128926395 0.5741693037974684 0.26207219878105953 0.5715321729957806 0.27848101265822783 0.5649393459915613 0.25035161744022505 0.5609836497890296 0.22691045475855606 0.5557093881856541 0.21050164088138776 0.5392273206751056 0.1812001875293015
crack 0.6869066455696202 0.1261134552273793 0.6783359704641351 0.1542428504453821 0.6724024261603376 0.25035161744022505 0.6743802742616034 0.32067510548523204 0.6743802742616034 0.4015471167369901 0.6756988396624473 0.4542897327707454 0.6724024261603376 0.5328176277543366 0.6743802742616034 0.5879043600562588 0.6763581223628692 0.6465072667604314 0.6783359704641351 0.6969057665260198 0.6836102320675106 0.6769807782466011
crack 0.6216376582278482 0.05227379278012192 0.6295490506329114 0.05461790904828882 0.6295490506329114 0.07805907172995782 0.6295490506329114 0.08977965307079233 0.6242747890295359 0.09095171120487579 0.623615506329114 0.07337083919362401
